3  5  3    2    0.19        0.725005    913  1  3634 
0  5  12   10   0.159178    0.832178    688  1  2444 
1  3  0    0    0.208416    0.66725     -16  -1 -885 
0  3  17   11   0.230032    0.604065    -454 -1 -947 
4  3  14   3    0.215718    0.645398    -10  1  863  
3  3  6    6    0.255826    0.533889    307  1  1093 
1  4  12   1    0.258311    0.527382    -294 -1 -1030
3  4  3    13   0.238872    0.579436    477  1  2270 
2  5  1    0    0.234911    0.590394    825  1  3225 
2  4  13   8    0.262748    0.515867    748  1  3122 
1  5  5    4    0.258623    0.52657     108  1  1600 
0  5  1    1    0.264594    0.511112    -1085-1 -2570
3  6  2    8    0.286489    0.456248    1343 1  3967 
0  2  11   13   0.251273    0.545919    16   1  144  
1  8  1    5    0.237238    0.583942    1371 -1 -1532
0  3  3    12   0.221218    0.62929     -531 -1 -1071
1  6  0    3    0.258642    0.526519    -753 1  2029 
1  4  12   14   0.247091    0.557095    805  1  2123 
3  3  11   10   0.243771    0.566057    160  1  997  
2  2  2    12   0.288625    0.451035    135  1  473  
1  5  7    0    0.31596     0.386201    -213 -1 -2791
4  3  0    1    0.265563    0.508626    -658 -1 -1610
1  6  2    0    0.294277    0.437351    -122 1  2388 
0  4  4    11   0.241961    0.57098     356  1  1320 
0  6  13   6    0.298287    0.427734    -1094-1 -2790
3  3  7    9    0.29152     0.444006    100  1  997  
4  4  12   10   0.291509    0.444033    -758 -1 -1898
1  4  0    0    0.295009    0.435589    25   -1 -1850
1  5  10   13   0.266391    0.506505    -441 -1 -2259
0  5  12   1    0.307264    0.406471    -810 -1 -2798
3  3  9    9    0.278731    0.475384    573  -1 -365 
2  4  2    7    0.26449     0.51138     -359 -1 -2548
3  2  13   16   0.299085    0.425829    25   -1 -383 
3  2  7    13   0.30363     0.415036    84   1  460  
1  5  10   1    0.278599    0.47571     -983 -1 -1708
3  2  2    2    0.286626    0.455913    163  -1 -233 
0  3  14   1    0.297252    0.43021     -308 -1 -840 
0  4  16   1    0.290819    0.445705    -88  1  720  
0  4  0    3    0.298448    0.42735     -161 -1 -1799
2  2  12   4    0.302024    0.418839    88   1  456  
0  3  12   12   0.292035    0.442759    83   1  644  
1  2  4    18   0.268654    0.500731    176  1  267  
1  7  0    9    0.28918     0.449685    -2039 1  2573 
0  4  0    0    0.308345    0.403935    439  1  1776 
1  2  12   18   0.284819    0.460341    46   -1 -136 
1  7  1    4    0.269174    0.499409    1688 -1 -1235
0  2  17   13   0.268164    0.501979    -168 -1 -311 
1  4  5    4    0.293032    0.440353    424  1  1331 
0  5  3    10   0.284334    0.461531    717  1  2338 
1  9  0    11   0.288938    0.450274    -452 -1 -5668
